039ce023
00000000
00000000
00000000
00000000
03bde823
00000000
00000000
00000000
00000000
34000000
00000000
00000000
00000000
00000000
34210001
00000000
00000000
00000000
00000000
34420002
00000000
00000000
00000000
00000000
34630003
00000000
00000000
00000000
00000000
34840004
00000000
00000000
00000000
00000000
34a50005
00000000
00000000
00000000
00000000
34c60006
00000000
00000000
00000000
00000000
34e70007
00000000
00000000
00000000
00000000
35080008
00000000
00000000
00000000
00000000
35290009
00000000
00000000
00000000
00000000
354a000a
00000000
00000000
00000000
00000000
356b000b
00000000
00000000
00000000
00000000
358c000c
00000000
00000000
00000000
00000000
35ad000d
00000000
00000000
00000000
00000000
35ce000e
00000000
00000000
00000000
00000000
35ef000f
00000000
00000000
00000000
00000000
36100010
00000000
00000000
00000000
00000000
36310011
00000000
00000000
00000000
00000000
36520012
00000000
00000000
00000000
00000000
36730013
00000000
00000000
00000000
00000000
36940014
00000000
00000000
00000000
00000000
36b50015
00000000
00000000
00000000
00000000
36d60016
00000000
00000000
00000000
00000000
36f70017
00000000
00000000
00000000
00000000
37180018
00000000
00000000
00000000
00000000
37390019
00000000
00000000
00000000
00000000
375a001a
00000000
00000000
00000000
00000000
377b001b
00000000
00000000
00000000
00000000
379c001c
00000000
00000000
00000000
00000000
37bd001d
00000000
00000000
00000000
00000000
37de001e
00000000
00000000
00000000
00000000
37ff001f
00000000
00000000
00000000
00000000
34210001
00000000
00000000
00000000
00000000
ac010004
00000000
00000000
00000000
00000000
ac010008
00000000
00000000
00000000
00000000
ac01000c
00000000
00000000
00000000
00000000
ac010010
00000000
00000000
00000000
00000000
ac010014
00000000
00000000
00000000
00000000
ac010018
00000000
00000000
00000000
00000000
ac01001c
00000000
00000000
00000000
00000000
ac010020
00000000
00000000
00000000
00000000
ac010024
00000000
00000000
00000000
00000000
ac010028
00000000
00000000
00000000
00000000
ac01002c
00000000
00000000
00000000
00000000
ac010030
00000000
00000000
00000000
00000000
ac010034
00000000
00000000
00000000
00000000
ac010038
00000000
00000000
00000000
00000000
ac01003c
00000000
00000000
00000000
00000000
ac010040
00000000
00000000
00000000
00000000
ac010044
00000000
00000000
00000000
00000000
ac010048
00000000
00000000
00000000
00000000
ac01004c
00000000
00000000
00000000
00000000
ac010050
00000000
00000000
00000000
00000000
ac010054
00000000
00000000
00000000
00000000
ac010058
00000000
00000000
00000000
00000000
ac01005c
00000000
00000000
00000000
00000000
ac010060
00000000
00000000
00000000
00000000
ac010064
00000000
00000000
00000000
00000000
ac010068
00000000
00000000
00000000
00000000
ac01006c
00000000
00000000
00000000
00000000
ac010070
00000000
00000000
00000000
00000000
ac010074
00000000
00000000
00000000
00000000
ac010078
00000000
00000000
00000000
00000000
ac01007c
00000000
00000000
00000000
00000000
34210001
00000000
00000000
00000000
00000000
ac010000
00000000
00000000
00000000
00000000
8c020000
00000000
00000000
00000000
00000000
8c030000
00000000
00000000
00000000
00000000
8c040000
00000000
00000000
00000000
00000000
8c050000
00000000
00000000
00000000
00000000
8c060000
00000000
00000000
00000000
00000000
8c070000
00000000
00000000
00000000
00000000
8c080000
00000000
00000000
00000000
00000000
8c090000
00000000
00000000
00000000
00000000
8c0a0000
00000000
00000000
00000000
00000000
8c0b0000
00000000
00000000
00000000
00000000
8c0c0000
00000000
00000000
00000000
00000000
8c0d0000
00000000
00000000
00000000
00000000
8c0e0000
00000000
00000000
00000000
00000000
8c0f0000
00000000
00000000
00000000
00000000
8c100000
00000000
00000000
00000000
00000000
8c110000
00000000
00000000
00000000
00000000
8c120000
00000000
00000000
00000000
00000000
8c130000
00000000
00000000
00000000
00000000
8c140000
00000000
00000000
00000000
00000000
8c150000
00000000
00000000
00000000
00000000
8c160000
00000000
00000000
00000000
00000000
8c170000
00000000
00000000
00000000
00000000
8c180000
00000000
00000000
00000000
00000000
8c190000
00000000
00000000
00000000
00000000
8c1a0000
00000000
00000000
00000000
00000000
8c1b0000
00000000
00000000
00000000
00000000
8c1c0000
00000000
00000000
00000000
00000000
8c1d0000
00000000
00000000
00000000
00000000
8c1e0000
00000000
00000000
00000000
00000000
8c1f0000
00000000
00000000
00000000
00000000
3421038b
00000000
00000000
00000000
00000000
ac000000
00000000
00000000
00000000
00000000
8c010000
00000000
00000000
00000000
00000000
ac010004
00000000
00000000
00000000
00000000
8c020004
00000000
00000000
00000000
00000000
ac020008
00000000
00000000
00000000
00000000
8c030008
00000000
00000000
00000000
00000000
ac03000c
00000000
00000000
00000000
00000000
8c04000c
00000000
00000000
00000000
00000000
ac040010
00000000
00000000
00000000
00000000
8c050010
00000000
00000000
00000000
00000000
ac050014
00000000
00000000
00000000
00000000
8c060014
00000000
00000000
00000000
00000000
ac060018
00000000
00000000
00000000
00000000
8c070018
00000000
00000000
00000000
00000000
ac07001c
00000000
00000000
00000000
00000000
8c08001c
00000000
00000000
00000000
00000000
ac080020
00000000
00000000
00000000
00000000
8c090020
00000000
00000000
00000000
00000000
ac090024
00000000
00000000
00000000
00000000
8c0a0024
00000000
00000000
00000000
00000000
ac0a0028
00000000
00000000
00000000
00000000
8c0b0028
00000000
00000000
00000000
00000000
ac0b002c
00000000
00000000
00000000
00000000
8c0c002c
00000000
00000000
00000000
00000000
ac0c0030
00000000
00000000
00000000
00000000
8c0d0030
00000000
00000000
00000000
00000000
ac0d0034
00000000
00000000
00000000
00000000
8c0e0034
00000000
00000000
00000000
00000000
ac0e0038
00000000
00000000
00000000
00000000
8c0f0038
00000000
00000000
00000000
00000000
ac0f003c
00000000
00000000
00000000
00000000
8c10003c
00000000
00000000
00000000
00000000
ac100040
00000000
00000000
00000000
00000000
8c110040
00000000
00000000
00000000
00000000
ac110044
00000000
00000000
00000000
00000000
8c120044
00000000
00000000
00000000
00000000
ac120048
00000000
00000000
00000000
00000000
8c130048
00000000
00000000
00000000
00000000
ac13004c
00000000
00000000
00000000
00000000
8c14004c
00000000
00000000
00000000
00000000
ac140050
00000000
00000000
00000000
00000000
8c150050
00000000
00000000
00000000
00000000
ac150054
00000000
00000000
00000000
00000000
8c160054
00000000
00000000
00000000
00000000
ac160058
00000000
00000000
00000000
00000000
8c170058
00000000
00000000
00000000
00000000
ac17005c
00000000
00000000
00000000
00000000
8c18005c
00000000
00000000
00000000
00000000
ac180060
00000000
00000000
00000000
00000000
8c190060
00000000
00000000
00000000
00000000
ac190064
00000000
00000000
00000000
00000000
8c1a0064
00000000
00000000
00000000
00000000
ac1a0068
00000000
00000000
00000000
00000000
8c1b0068
00000000
00000000
00000000
00000000
ac1b006c
00000000
00000000
00000000
00000000
8c1c006c
00000000
00000000
00000000
00000000
ac1c0070
00000000
00000000
00000000
00000000
8c1d0070
00000000
00000000
00000000
00000000
ac1d0074
00000000
00000000
00000000
00000000
8c1e0074
00000000
00000000
00000000
00000000
ac1e0078
00000000
00000000
00000000
00000000
8c1f0078
00000000
00000000
00000000
00000000
ac1f007c
00000000
00000000
00000000
00000000
3c0100ea
00000000
00000000
00000000
00000000
3c0200ea
00000000
00000000
00000000
00000000
3c0300ea
00000000
00000000
00000000
00000000
3c0400ea
00000000
00000000
00000000
00000000
3c0500ea
00000000
00000000
00000000
00000000
3c0600ea
00000000
00000000
00000000
00000000
3c0700ea
00000000
00000000
00000000
00000000
3c0800ea
00000000
00000000
00000000
00000000
3c0900ea
00000000
00000000
00000000
00000000
3c0a00ea
00000000
00000000
00000000
00000000
3c0b00ea
00000000
00000000
00000000
00000000
3c0c00ea
00000000
00000000
00000000
00000000
3c0d00ea
00000000
00000000
00000000
00000000
3c0e00ea
00000000
00000000
00000000
00000000
3c0f00ea
00000000
00000000
00000000
00000000
0c000cc3
00000000
00000000
00000000
00000000
3c0100de
00000000
00000000
00000000
00000000
02018023
00000000
00000000
00000000
00000000
02218823
00000000
00000000
00000000
00000000
02419023
00000000
00000000
00000000
00000000
02619823
00000000
00000000
00000000
00000000
0281a023
00000000
00000000
00000000
00000000
02a1a823
00000000
00000000
00000000
00000000
02c1b023
00000000
00000000
00000000
00000000
02e1b823
00000000
00000000
00000000
00000000
0301c023
00000000
00000000
00000000
00000000
0321c823
00000000
00000000
00000000
00000000
0341d023
00000000
00000000
00000000
00000000
0361d823
00000000
00000000
00000000
00000000
0381e023
00000000
00000000
00000000
00000000
03a1e823
00000000
00000000
00000000
00000000
03c1f023
00000000
00000000
00000000
00000000
0c000cd3
00000000
00000000
00000000
00000000
02018021
00000000
00000000
00000000
00000000
02228821
00000000
00000000
00000000
00000000
02439021
00000000
00000000
00000000
00000000
02649821
00000000
00000000
00000000
00000000
0285a021
00000000
00000000
00000000
00000000
02a6a821
00000000
00000000
00000000
00000000
02c7b021
00000000
00000000
00000000
00000000
02e8b821
00000000
00000000
00000000
00000000
0309c021
00000000
00000000
00000000
00000000
032ac821
00000000
00000000
00000000
00000000
034bd021
00000000
00000000
00000000
00000000
036cd821
00000000
00000000
00000000
00000000
038de021
00000000
00000000
00000000
00000000
03aee821
00000000
00000000
00000000
00000000
03cff021
00000000
00000000
00000000
00000000
03e00008
00000000
00000000
00000000
00000000
34010001
00000000
00000000
00000000
00000000
34020002
00000000
00000000
00000000
00000000
10220001
00000000
00000000
00000000
00000000
00210821
00000000
00000000
00000000
00000000
340c0001
00000000
00000000
00000000
00000000
340d0001
00000000
00000000
00000000
00000000
118d0001
00000000
00000000
00000000
00000000
00421021
00000000
00000000
00000000
00000000
0c000cdf
00000000
00000000
00000000
00000000
0c000ce4
00000000
00000000
00000000
00000000
00c63021
00000000
00000000
00000000
00000000
0c000ce4
00000000
00000000
00000000
00000000
001f7821
00000000
00000000
00000000
00000000
34050004
00000000
00000000
00000000
00000000
03e5f821
00000000
00000000
00000000
00000000
01e00008
00000000
00000000
00000000
00000000
00210821
00000000
00000000
00000000
00000000
